%YAML:1.0
# JSON payload below for convenience
{
  "image_size": {
    "w": 960,
    "h": 1280
  },
  "K1": [
    607.2625583839575,
    0.0,
    486.17422401725184,
    0.0,
    606.8060511125623,
    636.184814674123,
    0.0,
    0.0,
    1.0
  ],
  "D1": [
    -1.9104898119120726,
    -3.5353902859225714,
    -0.0008547936630860925,
    0.0017086321821233286,
    8.751093239824364,
    -1.8600047273179345,
    -3.7293775286336652,
    8.967739862506699,
    0.0,
    0.0,
    0.0,
    0.0,
    0.0,
    0.0
  ],
  "K2": [
    607.3026301566719,
    0.0,
    488.96730945761067,
    0.0,
    605.9279704200419,
    640.834704771977,
    0.0,
    0.0,
    1.0
  ],
  "D2": [
    -2.9415982466118846,
    -1.0950784620238203,
    0.0024200960137100882,
    0.002242097105303012,
    9.603291386673236,
    -2.8855181939162273,
    -1.3504139109594797,
    9.954402251397338,
    0.0,
    0.0,
    0.0,
    0.0,
    0.0,
    0.0
  ],
  "R": [
    0.8884870126233623,
    0.0004455251091966138,
    0.45890154707408676,
    -0.003918399784439698,
    0.9999704391737473,
    0.00661565732125207,
    -0.4588850341237361,
    -0.007676085333033273,
    0.8884624939586462
  ],
  "T": [
    -0.09120193151680335,
    -0.002020042631015677,
    0.006236585486270094
  ],
  "E": [
    0.000951404766890071,
    -0.0062208951080380825,
    -0.0018359912262868306,
    -0.03631007624857261,
    -0.0006972952534306547,
    0.08389147425737391,
    0.002152147271398882,
    -0.0911983355326381,
    0.0003236399625772327
  ],
  "F": [
    -8.838703709205289e-08,
    5.783659718094153e-07,
    -0.00022139747252219847,
    3.3809175127054866e-06,
    6.497566380051764e-08,
    -0.006428582504974665,
    -0.0022448137485701638,
    0.004824784992902992,
    1.0
  ],
  "R1": [
    0.9174128285417984,
    0.023059405038791853,
    0.39726812842989745,
    -0.02348006132940524,
    0.9997170608149959,
    -0.0038059210965516394,
    -0.39724348798552245,
    -0.005836279181357688,
    0.917694692748309
  ],
  "R2": [
    0.9974266156571063,
    0.02209212295647298,
    -0.06820619093665234,
    -0.022162873573340732,
    0.9997543339501446,
    -0.0002806828725856784,
    0.0681832341106163,
    0.001791605754324212,
    0.9976712067284681
  ],
  "P1": [
    1053.7713381333785,
    0.0,
    283.47629737854004,
    0.0,
    0.0,
    1053.7713381333785,
    640.3643074035645,
    0.0,
    0.0,
    0.0,
    1.0,
    0.0
  ],
  "P2": [
    1053.7713381333785,
    0.0,
    283.47629737854004,
    -96.35393712799195,
    0.0,
    1053.7713381333785,
    640.3643074035645,
    0.0,
    0.0,
    0.0,
    1.0,
    0.0
  ],
  "Q": [
    1.0,
    0.0,
    0.0,
    -283.47629737854004,
    0.0,
    1.0,
    0.0,
    -640.3643074035645,
    0.0,
    0.0,
    0.0,
    1053.7713381333785,
    0.0,
    0.0,
    10.936463724711107,
    -0.0
  ],
  "rectify_roi1": [
    0,
    0,
    960,
    1280
  ],
  "rectify_roi2": [
    0,
    0,
    960,
    1280
  ],
  "stereo_rms": 0.7019377685557848,
  "vertical_error_stats": {
    "mean": 0.5042303800582886,
    "median": 0.326629638671875,
    "max": 8.8892822265625
  },
  "square_size_unit_hint": "All translations (T) are in units of SQUARE_SIZE."
}