%YAML:1.0
# Below is JSON payload for convenience
{
  "image_width": 960,
  "image_height": 1280,
  "camera_matrix": {
    "rows": 3,
    "cols": 3,
    "data": [
      607.2625583839575,
      0.0,
      486.17422401725184,
      0.0,
      606.8060511125623,
      636.184814674123,
      0.0,
      0.0,
      1.0
    ]
  },
  "distortion_coefficients": {
    "rows": 1,
    "cols": 14,
    "data": [
      -1.9104898119120726,
      -3.5353902859225714,
      -0.0008547936630860925,
      0.0017086321821233286,
      8.751093239824364,
      -1.8600047273179345,
      -3.7293775286336652,
      8.967739862506699,
      0.0,
      0.0,
      0.0,
      0.0,
      0.0,
      0.0
    ]
  },
  "rms_reprojection_error": 0.21048116987010893,
  "per_image_error": {
    "mean": 0.03179121418835072,
    "median": 0.029468430365048856,
    "max": 0.06787584118504221,
    "min": 0.0203528723472833,
    "list": [
      0.028230246468649762,
      0.020708556379343955,
      0.026340594557326243,
      0.022243036727521537,
      0.02498502878221851,
      0.0203528723472833,
      0.029095307775488233,
      0.026194747862136686,
      0.03247371267949257,
      0.025279805988700842,
      0.028108766325802913,
      0.03587819192129314,
      0.02796453320095365,
      0.02134205267944697,
      0.03151465651043288,
      0.03975573697782288,
      0.028530703223841696,
      0.030662851362850685,
      0.027430013654923285,
      0.02924540590182657,
      0.03079915257295181,
      0.035359891144524376,
      0.04610607671065651,
      0.05505926666646945,
      0.036654361689948754,
      0.03731724819354867,
      0.035123887104743,
      0.034040320723149435,
      0.06787584118504221,
      0.027350418206940157,
      0.024820607883740235,
      0.029691454828271145,
      0.02235031414406337,
      0.02230737837009212,
      0.024552341905698473,
      0.030577215440669464,
      0.03037775773812691,
      0.0309891734693842,
      0.04001792559505331,
      0.04207275254230907,
      0.03536035102627054,
      0.02364013323024987,
      0.02405165056535177,
      0.02269664029516883,
      0.0245061101067766,
      0.03508727932651505,
      0.038484188774982685,
      0.06237172027278025
    ]
  },
  "used_images": [
    "..\\calibration_images_dual_eye\\cam1_2025-09-22_19-59-57.jpg",
    "..\\calibration_images_dual_eye\\cam1_2025-09-22_20-01-06.jpg",
    "..\\calibration_images_dual_eye\\cam1_2025-09-22_20-01-12.jpg",
    "..\\calibration_images_dual_eye\\cam1_2025-09-22_20-01-30.jpg",
    "..\\calibration_images_dual_eye\\cam1_2025-09-22_20-01-56.jpg",
    "..\\calibration_images_dual_eye\\cam1_2025-09-22_20-02-21.jpg",
    "..\\calibration_images_dual_eye\\cam1_2025-09-22_20-02-35.jpg",
    "..\\calibration_images_dual_eye\\cam1_2025-09-22_20-02-44.jpg",
    "..\\calibration_images_dual_eye\\cam1_2025-09-22_20-02-50.jpg",
    "..\\calibration_images_dual_eye\\cam1_2025-09-22_20-03-00.jpg",
    "..\\calibration_images_dual_eye\\cam1_2025-09-22_20-03-14.jpg",
    "..\\calibration_images_dual_eye\\cam1_2025-09-22_20-03-20.jpg",
    "..\\calibration_images_dual_eye\\cam1_2025-09-22_20-03-24.jpg",
    "..\\calibration_images_dual_eye\\cam1_2025-09-22_20-03-34.jpg",
    "..\\calibration_images_dual_eye\\cam1_2025-09-22_20-03-41.jpg",
    "..\\calibration_images_dual_eye\\cam1_2025-09-22_20-03-47.jpg",
    "..\\calibration_images_dual_eye\\cam1_2025-09-22_20-03-53.jpg",
    "..\\calibration_images_dual_eye\\cam1_2025-09-22_20-03-58.jpg",
    "..\\calibration_images_dual_eye\\cam1_2025-09-22_20-04-06.jpg",
    "..\\calibration_images_dual_eye\\cam1_2025-09-22_20-04-13.jpg",
    "..\\calibration_images_dual_eye\\cam1_2025-09-22_20-04-20.jpg",
    "..\\calibration_images_dual_eye\\cam1_2025-09-22_20-04-52.jpg",
    "..\\calibration_images_dual_eye\\cam1_2025-09-22_20-04-58.jpg",
    "..\\calibration_images_dual_eye\\cam1_2025-09-22_20-05-03.jpg",
    "..\\calibration_images_dual_eye\\cam1_2025-09-22_20-05-09.jpg",
    "..\\calibration_images_dual_eye\\cam1_2025-09-22_20-05-14.jpg",
    "..\\calibration_images_dual_eye\\cam1_2025-09-22_20-05-20.jpg",
    "..\\calibration_images_dual_eye\\cam1_2025-09-22_20-05-26.jpg",
    "..\\calibration_images_dual_eye\\cam1_2025-09-22_20-05-31.jpg",
    "..\\calibration_images_dual_eye\\cam1_2025-09-22_20-05-39.jpg",
    "..\\calibration_images_dual_eye\\cam1_2025-09-22_20-05-44.jpg",
    "..\\calibration_images_dual_eye\\cam1_2025-09-22_20-05-49.jpg",
    "..\\calibration_images_dual_eye\\cam1_2025-09-22_20-05-55.jpg",
    "..\\calibration_images_dual_eye\\cam1_2025-09-22_20-06-00.jpg",
    "..\\calibration_images_dual_eye\\cam1_2025-09-22_20-06-06.jpg",
    "..\\calibration_images_dual_eye\\cam1_2025-09-22_20-06-12.jpg",
    "..\\calibration_images_dual_eye\\cam1_2025-09-22_20-06-18.jpg",
    "..\\calibration_images_dual_eye\\cam1_2025-09-22_20-06-34.jpg",
    "..\\calibration_images_dual_eye\\cam1_2025-09-22_20-06-39.jpg",
    "..\\calibration_images_dual_eye\\cam1_2025-09-22_20-06-45.jpg",
    "..\\calibration_images_dual_eye\\cam1_2025-09-22_20-06-51.jpg",
    "..\\calibration_images_dual_eye\\cam1_2025-09-22_20-06-55.jpg",
    "..\\calibration_images_dual_eye\\cam1_2025-09-22_20-07-00.jpg",
    "..\\calibration_images_dual_eye\\cam1_2025-09-22_20-07-09.jpg",
    "..\\calibration_images_dual_eye\\cam1_2025-09-22_20-07-15.jpg",
    "..\\calibration_images_dual_eye\\cam1_2025-09-22_20-07-21.jpg",
    "..\\calibration_images_dual_eye\\cam1_2025-09-22_20-07-27.jpg",
    "..\\calibration_images_dual_eye\\cam1_2025-09-22_20-07-31.jpg"
  ]
}