%YAML:1.0
# Below is JSON payload for convenience
{
  "image_width": 960,
  "image_height": 1280,
  "camera_matrix": {
    "rows": 3,
    "cols": 3,
    "data": [
      607.3026301566719,
      0.0,
      488.96730945761067,
      0.0,
      605.9279704200419,
      640.834704771977,
      0.0,
      0.0,
      1.0
    ]
  },
  "distortion_coefficients": {
    "rows": 1,
    "cols": 14,
    "data": [
      -2.9415982466118846,
      -1.0950784620238203,
      0.0024200960137100882,
      0.002242097105303012,
      9.603291386673236,
      -2.8855181939162273,
      -1.3504139109594797,
      9.954402251397338,
      0.0,
      0.0,
      0.0,
      0.0,
      0.0,
      0.0
    ]
  },
  "rms_reprojection_error": 0.31413013954997987,
  "per_image_error": {
    "mean": 0.03323516175697308,
    "median": 0.027037320662700728,
    "max": 0.2830636418920563,
    "min": 0.02020799848047228,
    "list": [
      0.02286076366841093,
      0.0209568962858739,
      0.02753379966790188,
      0.02896678850187847,
      0.022767137384263794,
      0.027699201076574153,
      0.028634706204608163,
      0.022736020244244547,
      0.024645018416479085,
      0.02020799848047228,
      0.02035166479092333,
      0.02313344080854608,
      0.0329011816531642,
      0.02358929980690081,
      0.028215414171147996,
      0.03316650579288942,
      0.028423514554198358,
      0.026733734061255086,
      0.025527713122373386,
      0.02763929948956127,
      0.2830636418920563,
      0.0353039629265396,
      0.03708254087071913,
      0.04233633693314857,
      0.035692688812370504,
      0.040859127548516505,
      0.04298157603482519,
      0.02324134280168447,
      0.02656411760327402,
      0.024112119868332133,
      0.024368278692121333,
      0.020408296985220543,
      0.022179708806582273,
      0.02341668855289382,
      0.0229938988781852,
      0.02935771415668815,
      0.02634743815132784,
      0.02133305814610064,
      0.03311653582554551,
      0.03325129914795986,
      0.02268512587499452,
      0.026522785977239567,
      0.022877267090701196,
      0.02734090726414637,
      0.029310240915274656,
      0.03057516118511045,
      0.03240989023157549,
      0.03886591497990692
    ]
  },
  "used_images": [
    "..\\calibration_images_dual_eye\\cam2_2025-09-22_19-59-57.jpg",
    "..\\calibration_images_dual_eye\\cam2_2025-09-22_20-01-06.jpg",
    "..\\calibration_images_dual_eye\\cam2_2025-09-22_20-01-12.jpg",
    "..\\calibration_images_dual_eye\\cam2_2025-09-22_20-01-30.jpg",
    "..\\calibration_images_dual_eye\\cam2_2025-09-22_20-01-56.jpg",
    "..\\calibration_images_dual_eye\\cam2_2025-09-22_20-02-21.jpg",
    "..\\calibration_images_dual_eye\\cam2_2025-09-22_20-02-35.jpg",
    "..\\calibration_images_dual_eye\\cam2_2025-09-22_20-02-44.jpg",
    "..\\calibration_images_dual_eye\\cam2_2025-09-22_20-02-50.jpg",
    "..\\calibration_images_dual_eye\\cam2_2025-09-22_20-03-00.jpg",
    "..\\calibration_images_dual_eye\\cam2_2025-09-22_20-03-14.jpg",
    "..\\calibration_images_dual_eye\\cam2_2025-09-22_20-03-20.jpg",
    "..\\calibration_images_dual_eye\\cam2_2025-09-22_20-03-24.jpg",
    "..\\calibration_images_dual_eye\\cam2_2025-09-22_20-03-34.jpg",
    "..\\calibration_images_dual_eye\\cam2_2025-09-22_20-03-41.jpg",
    "..\\calibration_images_dual_eye\\cam2_2025-09-22_20-03-47.jpg",
    "..\\calibration_images_dual_eye\\cam2_2025-09-22_20-03-53.jpg",
    "..\\calibration_images_dual_eye\\cam2_2025-09-22_20-03-58.jpg",
    "..\\calibration_images_dual_eye\\cam2_2025-09-22_20-04-06.jpg",
    "..\\calibration_images_dual_eye\\cam2_2025-09-22_20-04-13.jpg",
    "..\\calibration_images_dual_eye\\cam2_2025-09-22_20-04-20.jpg",
    "..\\calibration_images_dual_eye\\cam2_2025-09-22_20-04-52.jpg",
    "..\\calibration_images_dual_eye\\cam2_2025-09-22_20-04-58.jpg",
    "..\\calibration_images_dual_eye\\cam2_2025-09-22_20-05-03.jpg",
    "..\\calibration_images_dual_eye\\cam2_2025-09-22_20-05-09.jpg",
    "..\\calibration_images_dual_eye\\cam2_2025-09-22_20-05-14.jpg",
    "..\\calibration_images_dual_eye\\cam2_2025-09-22_20-05-20.jpg",
    "..\\calibration_images_dual_eye\\cam2_2025-09-22_20-05-26.jpg",
    "..\\calibration_images_dual_eye\\cam2_2025-09-22_20-05-31.jpg",
    "..\\calibration_images_dual_eye\\cam2_2025-09-22_20-05-39.jpg",
    "..\\calibration_images_dual_eye\\cam2_2025-09-22_20-05-44.jpg",
    "..\\calibration_images_dual_eye\\cam2_2025-09-22_20-05-49.jpg",
    "..\\calibration_images_dual_eye\\cam2_2025-09-22_20-05-55.jpg",
    "..\\calibration_images_dual_eye\\cam2_2025-09-22_20-06-00.jpg",
    "..\\calibration_images_dual_eye\\cam2_2025-09-22_20-06-06.jpg",
    "..\\calibration_images_dual_eye\\cam2_2025-09-22_20-06-12.jpg",
    "..\\calibration_images_dual_eye\\cam2_2025-09-22_20-06-18.jpg",
    "..\\calibration_images_dual_eye\\cam2_2025-09-22_20-06-34.jpg",
    "..\\calibration_images_dual_eye\\cam2_2025-09-22_20-06-39.jpg",
    "..\\calibration_images_dual_eye\\cam2_2025-09-22_20-06-45.jpg",
    "..\\calibration_images_dual_eye\\cam2_2025-09-22_20-06-51.jpg",
    "..\\calibration_images_dual_eye\\cam2_2025-09-22_20-06-55.jpg",
    "..\\calibration_images_dual_eye\\cam2_2025-09-22_20-07-00.jpg",
    "..\\calibration_images_dual_eye\\cam2_2025-09-22_20-07-09.jpg",
    "..\\calibration_images_dual_eye\\cam2_2025-09-22_20-07-15.jpg",
    "..\\calibration_images_dual_eye\\cam2_2025-09-22_20-07-21.jpg",
    "..\\calibration_images_dual_eye\\cam2_2025-09-22_20-07-27.jpg",
    "..\\calibration_images_dual_eye\\cam2_2025-09-22_20-07-31.jpg"
  ]
}